 5            315.44        1678.12        1             0            -16711936
 5            359.87        1608.7         2             1            -16711936
 5            382.08        1542.06        3             2            -16711936
 5            429.29        1453.2         4             3            -16711936
 5            482.04        1356.02        5             4            -16711936
 5            537.58        1242.17        6             5            -16711936
 5            559.79        1178.3         7             6            -16711936
 5            590.34        1097.78        8             7            -16711936
 8             9             8            Polyline 0    Set 0
 5            434.84        2352.88        1             9            -16711936
 5            490.37        2272.35        2             10           -16711936
 5            543.13        2177.94        3             11           -16711936
 5            595.89        2094.64        4             12           -16711936
 5            673.64        1950.25        5             13           -16711936
 5            701.41        1911.37        6             14           -16711936
 5            729.18        1897.49        7             15           -16711936
 5            756.94        1872.5         8             16           -16711936
 5            781.94        1844.73        9             17           -16711936
 5            809.7         1811.41        10            18           -16711936
 5            834.69        1766.98        11            19           -16711936
 5            865.24        1722.55        12            20           -16711936
 5            912.44        1669.79        13            21           -16711936
 5            962.43        1608.7         14            22           -16711936
 5            987.42        1558.72        15            23           -16711936
 5            1009.63       1525.4         16            24           -16711936
 5            1040.18       1469.86        17            25           -16711936
 5            1070.72       1411.55        18            26           -16711936
 5            1090.16       1372.68        19            27           -16711936
 5            1115.15       1339.36        20            28           -16711936
 8             21            29           Polyline 1    Set 0
 5            534.57        2418.89        1             30           -16711936
 5            565.69        2367.98        2             31           -16711936
 5            593.97        2311.41        3             32           -16711936
 5            622.25        2249.19        4             33           -16711936
 5            653.37        2203.93        5             34           -16711936
 5            687.31        2147.36        6             35           -16711936
 5            707.11        2090.79        7             36           -16711936
 5            735.39        2042.71        8             37           -16711936
 5            760.85        1972           9             38           -16711936
 5            806.1         1909.77        10            39           -16711936
 5            854.19        1836.24        11            40           -16711936
 5            896.61        1779.67        12            41           -16711936
 5            933.38        1742.9         13            42           -16711936
 5            964.49        1711.78        14            43           -16711936
 5            1001.26       1672.19        15            44           -16711936
 5            1026.72       1626.93        16            45           -16711936
 5            1055          1561.88        17            46           -16711936
 5            1086.12       1522.28        18            47           -16711936
 5            1111.57       1477.03        19            48           -16711936
 5            1137.03       1423.29        20            49           -16711936
 8             21            50           Polyline 2    Set 0
 5            924.9         1403.49        1             51           -16711936
 5            953.18        1344.09        2             52           -16711936
 5            987.12        1279.04        3             53           -16711936
 5            1029.55       1202.67        4             54           -16711936
 8             5             55           Polyline 3    Set 0
 5            964.49        1423.29        1             56           -16711936
 5            984.29        1361.06        2             57           -16711936
 5            1015.41       1310.15        3             58           -16711936
 5            1032.38       1245.09        4             59           -16711936
 5            1049.35       1205.5         5             60           -16711936
 8             6             61           Polyline 4    Set 0
 5            873.98        1607.13        1             62           -16711936
 5            936.21        1519.45        2             63           -16711936
 5            984.29        1428.94        3             64           -16711936
 5            1026.72       1355.4         4             65           -16711936
 5            1052.18       1324.29        5             66           -16711936
 8             6             67           Polyline 5    Set 0
 5            873.98        1980.49        1             68           -16711936
 5            902.27        1946.54        2             69           -16711936
 5            936.21        1892.8         3             70           -16711936
 5            995.61        1813.61        4             71           -16711936
 5            1023.89       1731.58        5             72           -16711936
 5            1063.49       1683.5         6             73           -16711936
 5            1094.6        1652.39        7             74           -16711936
 5            1111.57       1629.76        8             75           -16711936
 8             9             76           Polyline 6    Set 0
 5            834.39        1952.2         1             77           -16711936
 5            893.78        1881.49        2             78           -16711936
 5            939.04        1802.29        3             79           -16711936
 5            989.95        1731.58        4             80           -16711936
 5            1046.52       1658.04        5             81           -16711936
 5            1080.46       1609.96        6             82           -16711936
 5            1100.26       1578.85        7             83           -16711936
 5            1125.71       1556.22        8             84           -16711936
 8             9             85           Polyline 7    Set 0
 5            842.87        1375.2         1             86           -65536
 5            879.64        1395           2             87           -65536
 5            916.41        1403.49        3             88           -65536
 5            944.69        1420.46        4             89           -65536
 5            972.98        1431.77        5             90           -65536
 5            1004.09       1460.05        6             91           -65536
 5            1043.69       1479.85        7             92           -65536
 5            1077.63       1488.34        8             93           -65536
 5            1105.92       1482.68        9             94           -65536
 5            1134.2        1482.68        10            95           -65536
 8             11            96           Polyline 8    Set 0
 5            698.62        1567.54        1             97           -65536
 5            749.53        1590.16        2             98           -65536
 5            803.27        1612.79        3             99           -65536
 5            851.36        1624.1         4             100          -65536
 5            899.44        1632.59        5             101          -65536
 5            939.04        1660.87        6             102          -65536
 5            972.98        1680.67        7             103          -65536
 5            1018.23       1677.84        8             104          -65536
 5            1063.49       1672.19        9             105          -65536
 5            1105.92       1663.7         10            106          -65536
 8             11            107          Polyline 9    Set 0
 5            941.87        1298.83        1             108          -65536
 5            972.98        1315.81        2             109          -65536
 5            1018.23       1324.29        3             110          -65536
 5            1063.49       1332.78        4             111          -65536
 5            1114.4        1327.12        5             112          -65536
 8             6             113          Polyline 10   Set 0
 5            978.64        1208.32        1             114          -65536
 5            1018.23       1222.47        2             115          -65536
 5            1063.49       1228.12        3             116          -65536
 5            1083.29       1225.3         4             117          -65536
 5            1117.23       1239.44        5             118          -65536
 5            1137.03       1236.61        6             119          -65536
 8             7             120          Polyline 11   Set 0
