402974.000    4605410.000   770.170        1             0 
402974.000    4605412.000   771.660        2             1 
402972.000    4605414.000   777.420        3             2 
402972.000    4605418.000   786.080        4             3 
402972.000    4605420.000   789.820        5             4 
402972.000    4605422.000   793.340        1             5 
402972.000    4605424.000   797.410        2             6 
402972.000    4605428.000   803.720        3             7 
402972.000    4605430.000   806.940        4             8 
402974.000    4605432.000   808.440        1             9 
402974.000    4605434.000   810.170        2             10 
402976.000    4605438.000   813.630        3             11 
402976.000    4605440.000   815.900        4             12 
402976.000    4605444.000   820.450        5             13 
402978.000    4605446.000   821.960        1             14 
402978.000    4605448.000   822.890        2             15 
402978.000    4605452.000   825.530        3             16 
402980.000    4605454.000   825.640        4             17 
402980.000    4605456.000   826.520        5             18 
402982.000    4605460.000   826.360        6             19 
402982.000    4605462.000   826.060        1             20 
402984.000    4605466.000   822.910        2             21 
402984.000    4605468.000   822.700        3             22 
402986.000    4605470.000   821.270        4             23 
402986.000    4605474.000   824.200        5             24 
402988.000    4605476.000   826.180        6             25 
402988.000    4605478.000   827.360        1             26 
402990.000    4605482.000   830.100        2             27 
402990.000    4605484.000   831.210        3             28 
402992.000    4605488.000   833.530        4             29 
402992.000    4605490.000   835.010        5             30 
402992.000    4605492.000   835.860        6             31 
402994.000    4605496.000   838.910        1             32 
402994.000    4605498.000   840.180        2             33 
402996.000    4605502.000   842.730        3             34 
402996.000    4605504.000   844.480        4             35 
402998.000    4605506.000   844.040        5             36 
402998.000    4605510.000   848.500        6             37 
402998.000    4605510.000   848.500        1             38 
403000.000    4605514.000   849.300        2             39 
403000.000    4605516.000   851.080        3             40 
403002.000    4605520.000   853.650        4             41 
403002.000    4605522.000   854.710        5             42 
403002.000    4605526.000   858.500        6             43 
403004.000    4605528.000   859.970        7             44 
403004.000    4605530.000   860.850        1             45 
403006.000    4605534.000   865.640        2             46 
403006.000    4605536.000   869.910        3             47 
403008.000    4605538.000   869.090        4             48 
403010.000    4605542.000   871.160        5             49 
403010.000    4605544.000   872.790        6             50 
403010.000    4605544.000   872.790        1             51 
403012.000    4605548.000   876.060        2             52 
403012.000    4605550.000   877.770        3             53 
403014.000    4605554.000   880.300        4             54 
403014.000    4605556.000   881.630        5             55 
403016.000    4605560.000   885.120        6             56 
403016.000    4605560.000   885.120        1             57 
403016.000    4605562.000   886.500        2             58 
403016.000    4605566.000   889.770        3             59 
403018.000    4605568.000   890.930        4             60 
403018.000    4605570.000   894.000        5             61 
403020.000    4605574.000   895.080        6             62 
403020.000    4605576.000   894.620        1             63 
403022.000    4605580.000   892.180        2             64 
403022.000    4605582.000   892.360        3             65 
403022.000    4605584.000   892.630        4             66 
403024.000    4605588.000   894.820        5             67 
403024.000    4605588.000   894.820        1             68 
403026.000    4605590.000   894.290        2             69 
403026.000    4605594.000   893.170        3             70 
403028.000    4605596.000   892.370        4             71 
403028.000    4605598.000   890.100        5             72 
403030.000    4605602.000   884.210        1             73 
403030.000    4605604.000   883.200        2             74 
403032.000    4605606.000   880.040        3             75 
403032.000    4605610.000   877.730        4             76 
403034.000    4605612.000   876.930        5             77 
403034.000    4605616.000   880.290        6             78 
403036.000    4605618.000   881.000        7             79 
403036.000    4605618.000   881.000        1             80 
403036.000    4605622.000   883.340        2             81 
403036.000    4605624.000   884.280        3             82 
403038.000    4605626.000   883.150        4             83 
403038.000    4605630.000   884.690        5             84 
403038.000    4605632.000   884.940        6             85 
403040.000    4605636.000   879.790        7             86 
403040.000    4605638.000   878.280        1             87 
403042.000    4605640.000   877.400        2             88 
403042.000    4605644.000   879.260        3             89 
403044.000    4605646.000   878.690        4             90 
403044.000    4605650.000   880.340        5             91 
403046.000    4605652.000   880.940        6             92 
403046.000    4605656.000   881.980        7             93 
403048.000    4605658.000   881.020        8             94 
403048.000    4605660.000   881.570        9             95 
403050.000    4605664.000   881.270        10            96 
403050.000    4605666.000   881.420        11            97 
403050.000    4605668.000   881.360        1             98 
403052.000    4605670.000   880.810        2             99 
403052.000    4605674.000   881.290        3             100 
403052.000    4605676.000   881.300        4             101 
403054.000    4605680.000   881.770        5             102 
403054.000    4605682.000   882.260        6             103 
403056.000    4605684.000   882.350        7             104 
403056.000    4605688.000   883.660        8             105 
403058.000    4605690.000   886.010        9             106 
403058.000    4605694.000   886.250        10            107 
403060.000    4605696.000   889.970        1             108 
403060.000    4605698.000   890.720        2             109 
403062.000    4605702.000   894.640        3             110 
403062.000    4605704.000   894.500        4             111 
403064.000    4605708.000   897.890        5             112 
403064.000    4605710.000   898.610        6             113 
403066.000    4605712.000   901.900        7             114 
403066.000    4605716.000   903.680        8             115 
403068.000    4605718.000   905.270        9             116 
403068.000    4605722.000   906.330        10            117 
403070.000    4605724.000   908.350        1             118 
403070.000    4605726.000   908.850        2             119 
403072.000    4605730.000   912.120        3             120 
403072.000    4605732.000   913.420        4             121 
403074.000    4605736.000   917.420        5             122 
403074.000    4605738.000   918.760        6             123 
403074.000    4605740.000   919.870        7             124 
403076.000    4605744.000   922.910        8             125 
403076.000    4605746.000   924.310        9             126 
403078.000    4605750.000   927.190        10            127 
403078.000    4605752.000   928.650        11            128 
403080.000    4605756.000   931.300        12            129 
403080.000    4605758.000   932.420        13            130 
403082.000    4605760.000   933.670        14            131 
403082.000    4605764.000   935.340        15            132 
403084.000    4605766.000   935.650        16            133 
403084.000    4605770.000   936.060        17            134 
403086.000    4605770.000   935.800        1             135 
403086.000    4605774.000   934.090        2             136 
403088.000    4605776.000   931.970        3             137 
403088.000    4605780.000   927.970        4             138 
403090.000    4605782.000   924.430        5             139 
403092.000    4605784.000   920.500        6             140 
403092.000    4605788.000   917.740        7             141 
403092.000    4605786.000   917.880        1             142 
0.000         0.000         0.000          0             143 
402964.000    4605412.000   772.420        1             144 
402964.000    4605416.000   780.540        2             145 
402962.000    4605418.000   777.750        3             146 
402962.000    4605422.000   792.730        4             147 
402962.000    4605424.000   802.300        1             148 
402962.000    4605432.000   818.150        1             149 
402964.000    4605434.000   821.830        2             150 
402964.000    4605436.000   825.190        3             151 
402964.000    4605440.000   827.700        4             152 
402964.000    4605440.000   827.700        1             153 
402966.000    4605444.000   831.360        2             154 
402966.000    4605446.000   831.880        3             155 
402968.000    4605450.000   832.140        4             156 
402968.000    4605452.000   832.440        5             157 
402968.000    4605452.000   832.440        1             158 
402970.000    4605456.000   832.370        2             159 
402972.000    4605458.000   831.510        3             160 
402972.000    4605462.000   831.970        4             161 
402974.000    4605464.000   830.580        5             162 
402974.000    4605466.000   830.280        6             163 
402974.000    4605468.000   829.610        1             164 
402976.000    4605470.000   827.990        2             165 
402978.000    4605474.000   826.140        3             166 
402978.000    4605476.000   825.880        4             167 
402980.000    4605478.000   827.130        5             168 
402982.000    4605482.000   828.570        6             169 
402982.000    4605484.000   830.660        7             170 
402984.000    4605486.000   832.350        8             171 
402984.000    4605490.000   835.100        1             172 
402986.000    4605492.000   836.710        2             173 
402986.000    4605494.000   838.350        3             174 
402986.000    4605498.000   841.070        4             175 
402988.000    4605500.000   842.470        5             176 
402988.000    4605504.000   845.690        6             177 
402988.000    4605506.000   846.660        7             178 
402990.000    4605510.000   849.670        8             179 
402990.000    4605510.000   849.670        1             180 
402990.000    4605514.000   852.290        2             181 
402992.000    4605516.000   853.410        3             182 
402992.000    4605520.000   856.070        4             183 
402994.000    4605522.000   857.530        5             184 
402994.000    4605526.000   860.550        6             185 
402996.000    4605528.000   861.760        7             186 
402996.000    4605530.000   864.430        8             187 
402998.000    4605534.000   868.710        9             188 
402998.000    4605536.000   870.530        10            189 
402998.000    4605540.000   876.680        11            190 
403000.000    4605540.000   876.870        1             191 
403000.000    4605544.000   880.300        2             192 
403002.000    4605546.000   880.260        3             193 
403002.000    4605548.000   880.560        4             194 
403002.000    4605552.000   883.840        5             195 
403004.000    4605554.000   884.850        6             196 
403004.000    4605558.000   889.070        7             197 
403004.000    4605558.000   889.070        1             198 
403006.000    4605560.000   890.710        2             199 
403006.000    4605564.000   893.940        3             200 
403008.000    4605566.000   894.410        4             201 
403008.000    4605568.000   895.600        5             202 
403010.000    4605572.000   900.370        6             203 
403010.000    4605574.000   903.050        7             204 
403010.000    4605576.000   904.710        1             205 
403012.000    4605578.000   904.240        2             206 
403012.000    4605582.000   903.230        3             207 
403012.000    4605584.000   901.760        4             208 
403014.000    4605588.000   900.770        5             209 
403014.000    4605590.000   902.190        6             210 
403014.000    4605592.000   903.090        7             211 
403016.000    4605594.000   902.810        1             212 
403016.000    4605596.000   903.000        2             213 
403016.000    4605600.000   901.460        3             214 
403016.000    4605602.000   900.020        4             215 
403018.000    4605606.000   894.410        5             216 
403018.000    4605608.000   894.130        6             217 
403020.000    4605610.000   891.010        1             218 
403020.000    4605614.000   892.220        2             219 
403020.000    4605616.000   892.950        3             220 
403022.000    4605620.000   893.740        4             221 
403022.000    4605622.000   893.660        5             222 
403024.000    4605624.000   892.790        6             223 
403024.000    4605628.000   893.100        7             224 
403024.000    4605630.000   892.640        1             225 
403026.000    4605632.000   891.650        2             226 
403028.000    4605636.000   889.280        3             227 
403028.000    4605638.000   889.100        4             228 
403030.000    4605640.000   887.260        5             229 
403030.000    4605644.000   887.850        6             230 
403032.000    4605646.000   886.700        7             231 
403032.000    4605650.000   889.010        8             232 
403032.000    4605650.000   889.010        1             233 
403034.000    4605652.000   888.280        2             234 
403034.000    4605656.000   892.930        3             235 
403036.000    4605658.000   890.870        4             236 
403036.000    4605660.000   890.960        5             237 
403038.000    4605664.000   890.090        6             238 
403038.000    4605666.000   890.860        7             239 
403040.000    4605668.000   889.410        1             240 
403040.000    4605670.000   888.590        2             241 
403042.000    4605674.000   885.360        3             242 
403042.000    4605676.000   885.130        4             243 
403044.000    4605678.000   884.530        5             244 
403044.000    4605682.000   889.480        6             245 
403046.000    4605684.000   891.180        7             246 
403046.000    4605684.000   891.180        1             247 
403046.000    4605688.000   896.190        2             248 
403048.000    4605690.000   893.940        3             249 
403048.000    4605694.000   895.160        4             250 
403050.000    4605696.000   891.880        5             251 
403050.000    4605698.000   891.090        6             252 
403052.000    4605702.000   892.290        7             253 
403052.000    4605702.000   892.290        1             254 
403052.000    4605706.000   897.040        2             255 
403054.000    4605708.000   897.770        3             256 
403054.000    4605712.000   901.250        4             257 
403054.000    4605714.000   902.800        5             258 
403056.000    4605718.000   905.020        6             259 
403056.000    4605720.000   907.140        7             260 
403058.000    4605722.000   908.370        8             261 
403058.000    4605726.000   910.350        1             262 
403060.000    4605728.000   910.780        2             263 
403062.000    4605730.000   912.180        3             264 
403062.000    4605734.000   915.150        4             265 
403064.000    4605736.000   915.350        5             266 
403066.000    4605738.000   916.230        6             267 
403068.000    4605740.000   917.940        7             268 
403068.000    4605742.000   919.650        1             269 
403068.000    4605746.000   924.870        2             270 
403070.000    4605748.000   926.350        3             271 
403070.000    4605750.000   929.470        4             272 
403072.000    4605754.000   931.030        5             273 
403074.000    4605756.000   932.050        6             274 
403074.000    4605760.000   933.820        7             275 
403076.000    4605762.000   934.600        8             276 
403076.000    4605762.000   934.600        1             277 
403076.000    4605766.000   936.750        2             278 
403078.000    4605768.000   936.880        3             279 
403078.000    4605770.000   937.720        4             280 
403080.000    4605774.000   937.470        5             281 
403080.000    4605776.000   936.940        6             282 
403082.000    4605780.000   933.780        7             283 
403084.000    4605782.000   929.080        8             284 
403084.000    4605784.000   925.220        9             285 
403086.000    4605788.000   921.970        10            286 
403084.000    4605786.000   922.810        1             287 
0.000         0.000         0.000          0             288 
402940.000    4605562.000   910.060        1             289 
402942.000    4605560.000   908.250        2             290 
402946.000    4605560.000   905.470        3             291 
402948.000    4605558.000   901.720        4             292 
402952.000    4605558.000   897.640        5             293 
402954.000    4605556.000   895.190        6             294 
402958.000    4605556.000   893.130        7             295 
402960.000    4605554.000   892.490        8             296 
402962.000    4605554.000   891.110        9             297 
402966.000    4605552.000   883.790        10            298 
402966.000    4605552.000   883.790        1             299 
402970.000    4605552.000   882.520        2             300 
402972.000    4605550.000   880.540        3             301 
402976.000    4605550.000   879.840        4             302 
402978.000    4605548.000   877.580        5             303 
402982.000    4605548.000   873.880        6             304 
402984.000    4605546.000   871.550        7             305 
402986.000    4605546.000   871.720        8             306 
402990.000    4605544.000   872.370        9             307 
402992.000    4605544.000   874.740        10            308 
402996.000    4605542.000   877.950        11            309 
402998.000    4605542.000   878.690        12            310 
402998.000    4605542.000   878.690        1             311 
403002.000    4605542.000   879.010        2             312 
403004.000    4605540.000   875.380        3             313 
403008.000    4605540.000   870.520        4             314 
403010.000    4605538.000   866.560        5             315 
403014.000    4605538.000   866.630        6             316 
403016.000    4605538.000   866.660        7             317 
403020.000    4605536.000   864.610        8             318 
403022.000    4605536.000   864.240        9             319 
403026.000    4605536.000   862.680        10            320 
403028.000    4605534.000   861.630        11            321 
403030.000    4605534.000   862.830        12            322 
403034.000    4605532.000   867.850        13            323 
403036.000    4605532.000   868.710        14            324 
403040.000    4605532.000   865.140        15            325 
403042.000    4605530.000   861.890        16            326 
403046.000    4605530.000   859.620        17            327 
403048.000    4605530.000   857.850        18            328 
403052.000    4605528.000   848.020        19            329 
403054.000    4605528.000   844.080        20            330 
403058.000    4605528.000   839.870        21            331 
403060.000    4605526.000   836.950        22            332 
403062.000    4605526.000   834.820        23            333 
403066.000    4605524.000   834.180        24            334 
403068.000    4605524.000   829.300        25            335 
403072.000    4605524.000   824.160        26            336 
403074.000    4605522.000   820.480        27            337 
403078.000    4605522.000   824.010        28            338 
403080.000    4605522.000   816.130        1             339 
403082.000    4605522.000   809.930        2             340 
403086.000    4605524.000   807.560        3             341 
403088.000    4605524.000   807.030        1             342 
0.000         0.000         0.000          0             343 
402884.000    4605560.000   912.140        1             344 
402886.000    4605558.000   912.590        2             345 
402890.000    4605558.000   914.520        3             346 
402892.000    4605556.000   914.760        4             347 
402896.000    4605556.000   915.540        5             348 
402898.000    4605556.000   915.870        6             349 
402900.000    4605554.000   914.520        7             350 
402902.000    4605554.000   913.820        1             351 
402906.000    4605554.000   913.370        2             352 
402908.000    4605552.000   911.610        3             353 
402912.000    4605552.000   910.450        4             354 
402914.000    4605550.000   908.460        5             355 
402918.000    4605550.000   907.140        6             356 
402920.000    4605550.000   907.010        7             357 
402922.000    4605548.000   906.550        1             358 
402924.000    4605548.000   907.060        2             359 
402928.000    4605548.000   906.490        3             360 
402930.000    4605546.000   904.430        4             361 
402934.000    4605546.000   901.750        5             362 
402936.000    4605546.000   899.800        6             363 
402940.000    4605544.000   895.660        7             364 
402942.000    4605544.000   894.050        8             365 
402946.000    4605544.000   891.650        1             366 
402948.000    4605542.000   889.440        2             367 
402952.000    4605542.000   887.280        3             368 
402954.000    4605542.000   887.000        4             369 
402958.000    4605540.000   884.250        5             370 
402960.000    4605540.000   882.790        6             371 
402962.000    4605540.000   881.480        7             372 
402964.000    4605540.000   879.590        1             373 
402966.000    4605538.000   877.990        2             374 
402970.000    4605538.000   874.280        3             375 
402972.000    4605536.000   871.360        4             376 
402976.000    4605536.000   868.380        5             377 
402978.000    4605536.000   867.170        6             378 
402982.000    4605534.000   862.490        7             379 
402984.000    4605534.000   863.830        1             380 
402986.000    4605534.000   865.170        2             381 
402990.000    4605532.000   865.350        3             382 
402992.000    4605532.000   865.980        4             383 
402996.000    4605532.000   865.990        5             384 
402998.000    4605530.000   865.920        6             385 
403002.000    4605530.000   865.470        7             386 
403004.000    4605530.000   860.850        8             387 
403008.000    4605528.000   857.410        9             388 
403010.000    4605528.000   857.260        10            389 
403012.000    4605528.000   857.100        1             390 
403014.000    4605528.000   857.340        2             391 
403018.000    4605526.000   854.780        3             392 
403020.000    4605526.000   855.110        4             393 
403022.000    4605526.000   855.530        5             394 
403026.000    4605524.000   855.300        6             395 
403028.000    4605524.000   856.510        7             396 
403032.000    4605522.000   865.950        8             397 
403034.000    4605522.000   866.170        9             398 
403036.000    4605522.000   865.500        1             399 
403038.000    4605522.000   864.670        2             400 
403040.000    4605520.000   866.750        3             401 
403044.000    4605520.000   860.530        4             402 
403046.000    4605520.000   857.830        5             403 
403050.000    4605518.000   850.070        6             404 
403052.000    4605518.000   845.210        7             405 
403056.000    4605518.000   838.430        8             406 
403056.000    4605516.000   835.640        1             407 
403058.000    4605516.000   834.050        2             408 
403060.000    4605514.000   833.300        3             409 
403064.000    4605512.000   831.000        4             410 
403066.000    4605510.000   826.730        5             411 
403068.000    4605510.000   823.460        6             412 
403072.000    4605508.000   797.040        7             413 
403072.000    4605508.000   797.040        1             414 
403076.000    4605506.000   800.860        2             415 
403078.000    4605506.000   804.530        3             416 
403082.000    4605506.000   804.260        1             417 
403084.000    4605506.000   802.950        2             418 
403088.000    4605506.000   797.290        3             419 
403090.000    4605508.000   793.550        4             420 
403092.000    4605508.000   781.510        1             421 
403096.000    4605510.000   762.060        2             422 
403098.000    4605510.000   754.650        3             423 
403100.000    4605512.000   756.120        4             424 
403102.000    4605512.000   752.720        1             425 
403104.000    4605512.000   752.230        2             426 
403108.000    4605514.000   747.120        3             427 
403110.000    4605514.000   746.400        4             428 
403112.000    4605514.000   744.870        1             429 
403116.000    4605516.000   744.130        2             430 
403118.000    4605516.000   742.680        3             431 
403118.000    4605516.000   742.680        1             432 
0.000         0.000         0.000          0             433 
402930.000    4605580.000   919.090        1             434 
402932.000    4605578.000   916.970        2             435 
402936.000    4605578.000   913.810        3             436 
402938.000    4605578.000   912.690        4             437 
402942.000    4605576.000   910.260        5             438 
402944.000    4605576.000   910.240        6             439 
402948.000    4605576.000   910.220        7             440 
402950.000    4605574.000   908.970        8             441 
402952.000    4605574.000   908.810        1             442 
402954.000    4605574.000   909.630        2             443 
402958.000    4605574.000   911.730        3             444 
402960.000    4605572.000   906.870        4             445 
402964.000    4605572.000   907.170        5             446 
402966.000    4605570.000   905.060        6             447 
402970.000    4605570.000   905.900        7             448 
402972.000    4605570.000   906.930        8             449 
402976.000    4605568.000   903.930        9             450 
402976.000    4605568.000   903.930        1             451 
402980.000    4605568.000   898.850        2             452 
402982.000    4605568.000   894.180        3             453 
402984.000    4605566.000   890.650        4             454 
402988.000    4605566.000   888.700        5             455 
402990.000    4605566.000   888.540        6             456 
402994.000    4605564.000   887.310        7             457 
402994.000    4605564.000   887.310        1             458 
402998.000    4605564.000   893.010        2             459 
403000.000    4605564.000   893.910        3             460 
403004.000    4605562.000   892.620        4             461 
403006.000    4605562.000   892.880        5             462 
403010.000    4605562.000   893.030        6             463 
403012.000    4605562.000   890.000        7             464 
403016.000    4605560.000   885.120        8             465 
403018.000    4605560.000   885.240        1             466 
403020.000    4605560.000   884.380        2             467 
403024.000    4605558.000   880.330        3             468 
403026.000    4605558.000   879.830        4             469 
403030.000    4605556.000   876.280        5             470 
403032.000    4605556.000   876.110        6             471 
403034.000    4605556.000   876.370        1             472 
403036.000    4605556.000   876.090        2             473 
403040.000    4605556.000   877.120        3             474 
403042.000    4605556.000   877.300        4             475 
403046.000    4605554.000   878.850        5             476 
403048.000    4605554.000   878.680        6             477 
403052.000    4605554.000   870.600        7             478 
403054.000    4605552.000   858.660        1             479 
403056.000    4605550.000   855.890        2             480 
403058.000    4605548.000   859.820        3             481 
403060.000    4605546.000   855.890        4             482 
403062.000    4605544.000   842.990        5             483 
403064.000    4605544.000   836.370        1             484 
403068.000    4605542.000   827.920        2             485 
403070.000    4605542.000   826.170        3             486 
403072.000    4605540.000   827.110        4             487 
403074.000    4605540.000   825.390        1             488 
403078.000    4605538.000   819.830        2             489 
403080.000    4605538.000   813.060        3             490 
403082.000    4605536.000   812.040        4             491 
403084.000    4605538.000   808.470        1             492 
403086.000    4605536.000   808.520        2             493 
403090.000    4605536.000   800.000        3             494 
403092.000    4605536.000   796.630        4             495 
403094.000    4605534.000   793.140        1             496 
403096.000    4605534.000   789.330        2             497 
403100.000    4605532.000   781.540        3             498 
403102.000    4605532.000   779.540        4             499 
403106.000    4605530.000   776.810        5             500 
403106.000    4605532.000   776.340        1             501 
403108.000    4605532.000   773.640        2             502 
403112.000    4605530.000   766.780        3             503 
403114.000    4605530.000   764.310        4             504 
403116.000    4605530.000   757.280        1             505 
403118.000    4605530.000   752.920        2             506 
403122.000    4605530.000   746.780        3             507 
403124.000    4605530.000   744.820        4             508 
403128.000    4605530.000   743.230        5             509 
403126.000    4605530.000   743.860        1             510 
0.000         0.000         0.000          0             511 
402980.000    4605410.000   768.260        1             512 
402980.000    4605412.000   769.280        2             513 
402980.000    4605416.000   777.840        3             514 
402980.000    4605418.000   781.330        4             515 
402980.000    4605422.000   788.790        5             516 
402980.000    4605424.000   792.030        1             517 
402980.000    4605428.000   796.960        2             518 
402980.000    4605430.000   801.990        3             519 
402980.000    4605434.000   808.700        4             520 
402982.000    4605436.000   812.330        5             521 
402982.000    4605438.000   814.210        1             522 
402984.000    4605440.000   814.840        2             523 
402984.000    4605442.000   815.670        3             524 
402986.000    4605446.000   816.870        4             525 
402986.000    4605448.000   818.870        5             526 
402988.000    4605450.000   819.090        6             527 
402988.000    4605452.000   817.750        1             528 
402990.000    4605454.000   817.090        2             529 
402990.000    4605458.000   820.210        3             530 
402992.000    4605460.000   819.670        4             531 
402994.000    4605462.000   818.400        5             532 
402994.000    4605466.000   820.830        6             533 
402994.000    4605468.000   821.930        1             534 
402996.000    4605470.000   822.130        2             535 
402996.000    4605474.000   824.180        3             536 
402998.000    4605476.000   824.990        4             537 
402998.000    4605478.000   826.480        5             538 
403000.000    4605482.000   829.370        6             539 
403000.000    4605480.000   827.840        1             540 
0.000         0.000         0.000          0             541 
402988.000    4605412.000   764.790        1             542 
402986.000    4605416.000   778.400        2             543 
402986.000    4605418.000   782.550        3             544 
402984.000    4605420.000   788.380        4             545 
402986.000    4605422.000   793.570        1             546 
402986.000    4605424.000   797.900        2             547 
402986.000    4605428.000   802.280        3             548 
402986.000    4605430.000   804.850        4             549 
402988.000    4605430.000   808.980        1             550 
402988.000    4605434.000   809.570        2             551 
402990.000    4605436.000   810.870        3             552 
402990.000    4605438.000   812.220        4             553 
402992.000    4605440.000   810.950        1             554 
402994.000    4605444.000   810.820        2             555 
402996.000    4605446.000   807.590        3             556 
402996.000    4605448.000   807.610        4             557 
402996.000    4605450.000   810.910        1             558 
402998.000    4605454.000   813.070        2             559 
402998.000    4605456.000   813.750        3             560 
402998.000    4605458.000   816.060        4             561 
403000.000    4605460.000   816.620        1             562 
403000.000    4605462.000   816.810        2             563 
403000.000    4605466.000   821.280        3             564 
403002.000    4605468.000   823.580        4             565 
403002.000    4605470.000   824.390        1             566 
403002.000    4605474.000   823.680        2             567 
403004.000    4605476.000   825.610        3             568 
403004.000    4605476.000   825.610        1             569 
0.000         0.000         0.000          0             570 
403018.000    4605456.000   809.210        1             571 
403018.000    4605458.000   810.190        2             572 
403018.000    4605462.000   813.520        3             573 
403018.000    4605464.000   814.910        4             574 
403018.000    4605466.000   816.570        5             575 
403018.000    4605470.000   820.070        6             576 
403018.000    4605472.000   822.220        1             577 
403018.000    4605474.000   824.010        2             578 
403018.000    4605476.000   827.400        3             579 
403020.000    4605480.000   832.400        4             580 
403020.000    4605480.000   832.400        1             581 
403022.000    4605484.000   837.660        2             582 
403024.000    4605486.000   838.310        3             583 
403024.000    4605488.000   840.010        4             584 
403024.000    4605490.000   843.180        1             585 
403026.000    4605492.000   848.470        2             586 
403026.000    4605496.000   847.540        3             587 
403028.000    4605498.000   849.070        4             588 
403028.000    4605500.000   844.800        1             589 
403030.000    4605502.000   847.850        2             590 
403030.000    4605506.000   851.710        3             591 
403032.000    4605508.000   853.870        4             592 
403032.000    4605508.000   853.870        1             593 
403034.000    4605510.000   855.970        2             594 
403034.000    4605514.000   859.090        3             595 
403036.000    4605516.000   866.140        4             596 
403038.000    4605518.000   868.590        1             597 
403040.000    4605520.000   866.750        2             598 
403042.000    4605524.000   860.770        3             599 
403042.000    4605526.000   861.600        4             600 
403044.000    4605528.000   860.720        1             601 
403046.000    4605530.000   859.620        2             602 
403048.000    4605532.000   851.480        3             603 
403050.000    4605534.000   852.520        4             604 
403050.000    4605536.000   854.140        1             605 
403050.000    4605538.000   855.670        2             606 
403052.000    4605542.000   858.700        3             607 
403052.000    4605544.000   859.780        4             608 
403054.000    4605546.000   860.420        1             609 
403054.000    4605550.000   859.850        2             610 
403056.000    4605552.000   851.870        3             611 
403056.000    4605554.000   846.960        1             612 
403056.000    4605556.000   845.980        2             613 
403056.000    4605560.000   849.320        3             614 
403058.000    4605562.000   850.850        4             615 
403058.000    4605566.000   854.440        5             616 
403060.000    4605568.000   854.490        6             617 
403060.000    4605570.000   855.810        1             618 
403060.000    4605572.000   857.740        2             619 
403062.000    4605576.000   863.520        3             620 
403062.000    4605578.000   863.320        4             621 
403064.000    4605580.000   864.130        5             622 
403064.000    4605578.000   866.180        1             623 
0.000         0.000         0.000          0             624 
403042.000    4605444.000   742.700        1             625 
403042.000    4605448.000   750.830        2             626 
403042.000    4605450.000   756.230        3             627 
403040.000    4605454.000   774.150        4             628 
403040.000    4605456.000   777.270        5             629 
403040.000    4605460.000   784.910        6             630 
403040.000    4605460.000   784.910        1             631 
403042.000    4605462.000   789.010        2             632 
403042.000    4605466.000   796.930        3             633 
403042.000    4605468.000   799.540        4             634 
403044.000    4605470.000   800.140        1             635 
403044.000    4605474.000   793.330        2             636 
403046.000    4605476.000   790.170        3             637 
403048.000    4605478.000   788.700        4             638 
403048.000    4605480.000   791.010        1             639 
403050.000    4605482.000   790.630        2             640 
403050.000    4605484.000   792.080        3             641 
403052.000    4605486.000   788.420        4             642 
403052.000    4605490.000   793.150        1             643 
403052.000    4605492.000   799.120        2             644 
403054.000    4605496.000   804.590        3             645 
403054.000    4605496.000   804.590        1             646 
403056.000    4605498.000   801.240        2             647 
403054.000    4605500.000   811.280        1             648 
403054.000    4605504.000   819.470        2             649 
403054.000    4605506.000   823.070        3             650 
403052.000    4605510.000   838.520        4             651 
403054.000    4605510.000   831.240        1             652 
403056.000    4605512.000   831.390        2             653 
403058.000    4605516.000   834.050        3             654 
403058.000    4605518.000   833.410        4             655 
403058.000    4605518.000   833.410        1             656 
403060.000    4605520.000   832.800        2             657 
403062.000    4605522.000   833.320        3             658 
403062.000    4605524.000   833.580        1             659 
403064.000    4605528.000   834.680        2             660 
403066.000    4605530.000   833.780        3             661 
403066.000    4605534.000   832.780        4             662 
403068.000    4605536.000   830.070        5             663 
403068.000    4605538.000   829.570        1             664 
403070.000    4605540.000   827.770        2             665 
403070.000    4605542.000   826.170        3             666 
403072.000    4605546.000   825.060        4             667 
403074.000    4605548.000   823.440        5             668 
403074.000    4605550.000   825.550        1             669 
403074.000    4605552.000   827.600        2             670 
403076.000    4605556.000   829.280        3             671 
403076.000    4605558.000   832.020        4             672 
403078.000    4605562.000   835.670        5             673 
403078.000    4605562.000   835.670        1             674 
403078.000    4605566.000   838.940        2             675 
403080.000    4605568.000   838.120        3             676 
403080.000    4605572.000   838.310        4             677 
403080.000    4605574.000   838.060        5             678 
403082.000    4605576.000   836.730        6             679 
403082.000    4605580.000   838.080        7             680 
403082.000    4605582.000   837.400        1             681 
403084.000    4605584.000   835.040        2             682 
403084.000    4605586.000   834.150        3             683 
403084.000    4605590.000   832.900        4             684 
403084.000    4605592.000   834.450        5             685 
403084.000    4605594.000   836.350        1             686 
403084.000    4605596.000   837.700        2             687 
403084.000    4605600.000   841.050        3             688 
403086.000    4605602.000   842.930        4             689 
403086.000    4605604.000   844.710        1             690 
403086.000    4605608.000   850.000        2             691 
403086.000    4605610.000   852.780        3             692 
403086.000    4605614.000   856.120        4             693 
403088.000    4605616.000   861.390        1             694 
403088.000    4605618.000   862.260        2             695 
403090.000    4605622.000   866.040        3             696 
403090.000    4605624.000   866.850        4             697 
403092.000    4605628.000   868.550        5             698 
403092.000    4605628.000   868.550        1             699 
403092.000    4605630.000   869.370        2             700 
403092.000    4605634.000   873.230        3             701 
403094.000    4605636.000   874.730        4             702 
403092.000    4605634.000   873.230        1             703 
0.000         0.000         0.000          0             704 
403014.000    4605444.000   779.900        1             705 
403012.000    4605446.000   788.150        2             706 
403012.000    4605448.000   791.720        3             707 
403010.000    4605450.000   798.540        4             708 
403008.000    4605454.000   808.150        5             709 
403010.000    4605454.000   804.570        1             710 
403010.000    4605458.000   810.030        2             711 
403010.000    4605460.000   812.670        3             712 
403012.000    4605464.000   815.400        4             713 
403012.000    4605466.000   816.100        5             714 
403012.000    4605468.000   819.150        6             715 
403012.000    4605472.000   822.070        7             716 
403014.000    4605474.000   822.680        8             717 
403014.000    4605478.000   825.460        9             718 
403014.000    4605478.000   825.460        1             719 
0.000         0.000         0.000          0             720 
402878.000    4605448.000   864.030        1             721 
402878.000    4605452.000   868.480        2             722 
402878.000    4605454.000   870.940        3             723 
402878.000    4605458.000   877.870        4             724 
402878.000    4605460.000   880.310        5             725 
402880.000    4605464.000   883.990        6             726 
402880.000    4605466.000   886.140        7             727 
402880.000    4605466.000   886.140        1             728 
402882.000    4605470.000   896.180        2             729 
402884.000    4605472.000   898.530        3             730 
402884.000    4605476.000   897.510        4             731 
402886.000    4605476.000   897.790        1             732 
402888.000    4605480.000   896.090        2             733 
402890.000    4605482.000   895.640        3             734 
402892.000    4605484.000   894.440        4             735 
402894.000    4605486.000   893.080        5             736 
402894.000    4605488.000   890.340        6             737 
402896.000    4605492.000   879.360        7             738 
402896.000    4605492.000   879.360        1             739 
402898.000    4605496.000   874.820        2             740 
402900.000    4605498.000   871.030        3             741 
402900.000    4605500.000   869.380        4             742 
402902.000    4605504.000   866.920        5             743 
402904.000    4605506.000   864.470        6             744 
402904.000    4605508.000   864.250        7             745 
402906.000    4605512.000   866.150        1             746 
402906.000    4605514.000   868.300        2             747 
402908.000    4605516.000   869.960        3             748 
402910.000    4605520.000   873.420        4             749 
402910.000    4605522.000   875.130        5             750 
402912.000    4605524.000   876.530        6             751 
402912.000    4605528.000   880.250        7             752 
402914.000    4605530.000   883.160        8             753 
402914.000    4605534.000   886.530        9             754 
402916.000    4605534.000   888.170        1             755 
402916.000    4605538.000   897.160        2             756 
402918.000    4605540.000   900.280        3             757 
402918.000    4605544.000   903.040        4             758 
402920.000    4605546.000   904.550        5             759 
402920.000    4605548.000   906.050        6             760 
402922.000    4605552.000   908.450        7             761 
402922.000    4605554.000   909.620        8             762 
402922.000    4605556.000   910.790        1             763 
402924.000    4605558.000   911.890        2             764 
402924.000    4605562.000   913.930        3             765 
402924.000    4605564.000   914.810        4             766 
402926.000    4605568.000   915.560        5             767 
402926.000    4605570.000   916.120        6             768 
402926.000    4605574.000   917.910        7             769 
402928.000    4605576.000   918.020        8             770 
402928.000    4605580.000   920.600        9             771 
402928.000    4605576.000   918.020        1             772 
0.000         0.000         0.000          0             773 
402958.000    4605418.000   776.720        1             774 
402958.000    4605422.000   781.980        2             775 
402956.000    4605424.000   784.660        3             776 
402956.000    4605428.000   809.310        4             777 
402956.000    4605428.000   809.310        1             778 
402956.000    4605432.000   817.910        2             779 
402954.000    4605434.000   821.180        3             780 
402954.000    4605436.000   824.170        1             781 
402956.000    4605440.000   830.110        2             782 
402956.000    4605442.000   833.850        3             783 
402956.000    4605446.000   835.090        4             784 
402956.000    4605448.000   835.910        1             785 
402958.000    4605450.000   837.050        2             786 
402958.000    4605454.000   839.830        3             787 
402960.000    4605456.000   840.330        4             788 
402960.000    4605460.000   840.470        5             789 
402962.000    4605460.000   839.210        1             790 
402964.000    4605462.000   837.680        2             791 
402966.000    4605466.000   835.240        3             792 
402966.000    4605466.000   835.240        1             793 
402966.000    4605470.000   835.340        2             794 
402968.000    4605472.000   833.250        3             795 
402968.000    4605476.000   831.930        4             796 
402970.000    4605478.000   829.760        5             797 
402970.000    4605482.000   833.260        6             798 
402970.000    4605482.000   833.260        1             799 
402972.000    4605484.000   832.810        2             800 
402972.000    4605488.000   834.820        3             801 
402974.000    4605490.000   835.950        4             802 
402974.000    4605490.000   835.950        1             803 
402976.000    4605494.000   837.650        2             804 
402978.000    4605496.000   839.370        3             805 
402978.000    4605498.000   840.420        4             806 
402980.000    4605500.000   841.650        1             807 
402980.000    4605504.000   844.780        2             808 
402982.000    4605506.000   846.720        3             809 
402984.000    4605510.000   849.630        4             810 
402984.000    4605512.000   850.800        5             811 
402986.000    4605514.000   852.510        6             812 
402986.000    4605516.000   853.610        1             813 
402986.000    4605518.000   855.210        2             814 
402988.000    4605520.000   856.630        3             815 
402988.000    4605524.000   860.090        4             816 
402990.000    4605526.000   861.220        5             817 
402990.000    4605526.000   861.220        1             818 
0.000         0.000         0.000          0             819 
