 5            360.99        866.7          1             0            -16711936
 5            355.29        847.7          2             1            -16711936
 5            357.19        826.8          3             2            -16711936
 5            364.79        800.21         4             3            -16711936
 5            374.29        766.01         5             4            -16711936
 5            387.59        733.71         6             5            -16711936
 5            397.09        699.51         7             6            -16711936
 5            408.49        669.11         8             7            -16711936
 5            417.99        629.21         9             8            -16711936
 5            431.28        600.71         10            9            -16711936
 5            440.78        572.21         11            10           -16711936
 5            450.28        538.01         12            11           -16711936
 5            457.88        515.22         13            12           -16711936
 5            469.28        488.62         14            13           -16711936
 5            480.68        454.42         15            14           -16711936
 5            490.18        414.52         16            15           -16711936
 5            511.08        355.62         17            16           -16711936
 5            528.18        298.62         18            17           -16711936
 5            549.08        243.53         19            18           -16711936
 5            579.48        148.53         20            19           -16711936
 5            596.58        112.43         21            20           -16711936
 8             22            21           Polyline 0    Set 0
 5            340.09        859.1          1             22           -16711936
 5            336.29        843.9          2             23           -16711936
 5            336.29        828.7          3             24           -16711936
 5            340.09        809.71         4             25           -16711936
 5            347.69        785.01         5             26           -16711936
 5            359.09        754.61         6             27           -16711936
 5            379.99        712.81         7             28           -16711936
 5            389.49        669.11         8             29           -16711936
 5            408.49        610.21         9             30           -16711936
 5            419.89        576.01         10            31           -16711936
 5            431.28        539.91         11            32           -16711936
 5            440.78        503.82         12            33           -16711936
 5            448.38        469.62         13            34           -16711936
 5            459.78        431.62         14            35           -16711936
 5            474.98        391.72         15            36           -16711936
 5            488.28        355.62         16            37           -16711936
 5            501.58        321.42         17            38           -16711936
 5            512.98        285.32         18            39           -16711936
 5            526.28        239.73         19            40           -16711936
 5            545.28        205.53         20            41           -16711936
 5            560.48        165.63         21            42           -16711936
 5            581.38        112.43         22            43           -16711936
 8             23            44           Polyline 1    Set 0
 5            292           562            1             45           -16711681
 5            340           578            2             46           -16711681
 5            404           600            3             47           -16711681
 5            564.19        640.54         4             48           -16711681
 5            582.21        638.38         5             49           -16711681
 8             6             50           Polyline 2    Set 0
 5            178.89        566.81         1             51           -16711681
 5            212.19        575.13         2             52           -16711681
 5            250.24        585.84         3             53           -16711681
 5            296.62        597.73         4             54           -16711681
 5            333.49        604.86         5             55           -16711681
 5            373.92        615.57         6             56           -16711681
 5            428.62        627.46         7             57           -16711681
 5            476.19        639.35         8             58           -16711681
 5            517.81        648.87         9             59           -16711681
 5            552.3         667.89         10            60           -16711681
 5            568.95        673.84         11            61           -16711681
 5            591.54        670.27         12            62           -16711681
 5            609.38        663.14         13            63           -16711681
 5            630.79        657.19         14            64           -16711681
 5            646.25        652.43         15            65           -16711681
 8             16            66           Polyline 3    Set 0
 5            271.65        526.38         1             67           -16711681
 5            309.7         534.7          2             68           -16711681
 5            358.46        546.59         3             69           -16711681
 5            395.32        554.92         4             70           -16711681
 5            441.7         563.24         5             71           -16711681
 5            472.89        572.16         6             72           -16711681
 5            514.24        576.32         7             73           -16711681
 5            535.65        594.16         8             74           -16711681
 5            554.68        604.86         9             75           -16711681
 5            572.52        609.62         10            76           -16711681
 5            593.92        613.19         11            77           -16711681
 5            617.71        621.51         12            78           -16711681
 5            637.92        623.89         13            79           -16711681
 5            664.08        626.27         14            80           -16711681
 8             15            81           Polyline 4    Set 0
 5            371.54        865.3          1             82           -16711936
 5            370.35        841.52         2             83           -16711936
 5            373.92        816.54         3             84           -16711936
 5            385.81        786.81         4             85           -16711936
 5            400.08        755.89         5             86           -16711936
 5            410.78        723.79         6             87           -16711936
 8             7             88           Polyline 5    Set 0
 5            387           860.54         1             89           -16711936
 5            383.43        848.65         2             90           -16711936
 5            384.62        829.62         3             91           -16711936
 5            392.95        808.22         4             92           -16711936
 5            403.65        790.38         5             93           -16711936
 5            408.41        771.35         6             94           -16711936
 5            414.35        749.95         7             95           -16711936
 5            419.11        734.49         8             96           -16711936
 8             9             97           Polyline 6    Set 0
 5            448.84        774.92         1             98           -16711936
 5            446.46        748.76         2             99           -16711936
 5            450.03        728.54         3             100          -16711936
 5            459.54        710.7          4             101          -16711936
 5            466.68        691.68         5             102          -16711936
 5            472.62        673.84         6             103          -16711936
 5            484.51        653.62         7             104          -16711936
 5            496.41        635.78         8             105          -16711936
 5            508.3         619.14         9             106          -16711936
 5            516.62        597.73         10            107          -16711936
 5            521.38        583.46         11            108          -16711936
 5            529.7         551.35         12            109          -16711936
 5            538.03        527.57         13            110          -16711936
 8             14            111          Polyline 7    Set 0
 5            496.41        796.33         1             112          -16711936
 5            492.84        772.54         2             113          -16711936
 5            495.22        748.76         3             114          -16711936
 5            504.73        732.11         4             115          -16711936
 5            516.62        711.89         5             116          -16711936
 5            517.81        697.62         6             117          -16711936
 5            522.57        689.3          7             118          -16711936
 5            519           671.46         8             119          -16711936
 5            526.14        654.81         9             120          -16711936
 5            534.46        640.54         10            121          -16711936
 5            546.35        615.57         11            122          -16711936
 5            557.06        590.59         12            123          -16711936
 5            565.38        565.62         13            124          -16711936
 5            576.08        528.76         14            125          -16711936
 5            580.84        504.97         15            126          -16711936
 5            582.03        482.38         16            127          -16711936
 5            584.41        458.59         17            128          -16711936
 5            593.92        436            18            129          -16711936
 5            597.49        418.16         19            130          -16711936
 8             20            131          Polyline 8    Set 0
 5            444           804            1             132          -16711936
 5            431.27        782.65         2             133          -16711936
 5            438.41        732.7          3             134          -16711936
 8             4             135          Polyline 9    Set 0
 5            167.27        788.6          1             136          -16711936
 5            170.83        756.49         2             137          -16711936
 5            180.35        736.27         3             138          -16711936
 5            202.94        705.35         4             139          -16711936
 5            220.78        668.49         5             140          -16711936
 5            241           620.92         6             141          -16711936
 5            256.46        579.3          7             142          -16711936
 5            267.16        531.73         8             143          -16711936
 8             9             144          Polyline 10   Set 0
 5            327.33        848.21         1             145          -16711936
 5            324.46        834.8          2             146          -16711936
 5            321.59        817.55         3             147          -16711936
 5            322.54        794.56         4             148          -16711936
 5            332.13        768.69         5             149          -16711936
 5            341.71        757.19         6             150          -16711936
 5            351.29        726.53         7             151          -16711936
 5            358           709.28         8             152          -16711936
 5            369.49        689.16         9             153          -16711936
 5            380.99        660.41         10            154          -16711936
 5            390.57        632.63         11            155          -16711936
 8             12            156          Polyline 11   Set 0
